fpr_list: [5.798364509792208e-05, 5.798364509792208e-05, 5.798364509792208e-05, 5.798364509792208e-05, 5.798364509792208e-05, 2.459912216275482e-05, 1.5813721390342386e-05, 1.0542480926894923e-05, 1.7570801544824872e-06, 0, 0, 0, 0, 0, 0, 0, 0, 0, 0, 0, 0, 0, 0, 0, 0, 0, 0, 0, 0, 0]
tpr_list: [1.0, 1.0, 1.0, 1.0, 1.0, 1.0, 0.9973262032085561, 0.9946524064171123, 0.9946524064171123, 0.9893048128342246, 0.9893048128342246, 0.9893048128342246, 0.9893048128342246, 0.9866310160427807, 0.9705882352941176, 0.9652406417112299, 0.9545454545454546, 0.9438502673796791, 0.93048128342246, 0.9144385026737968, 0.839572192513369, 0.8074866310160428, 0.7593582887700535, 0.6978609625668449, 0.6256684491978609, 0.5641711229946524, 0.4411764705882353, 0.32620320855614976, 0.16310160427807488, 0.040106951871657755]
